org.apache.avalon.framework.context:Contextualizable:public,abstract,interface:::contextualize:public,abstract:1:org.apache.avalon.framework.context.Context:void::3PP
org.apache.avalon.framework.context:Recontextualizable:public,abstract,interface::org.apache.avalon.framework.context.Contextualizable:recontextualize:public,abstract:1:org.apache.avalon.framework.context.Context:void::3PP
org.apache.avalon.framework.context:ContextException:public:org.apache.avalon.framework.CascadingException::<init>:public:1:java.lang.String:void::3PP
org.apache.avalon.framework.context:ContextException:public:org.apache.avalon.framework.CascadingException::<init>:public:2:java.lang.String,java.lang.Throwable:void::3PP
org.apache.avalon.framework.context:Context:public,abstract,interface:::get:public,abstract:1:java.lang.Object:java.lang.Object::3PP
org.apache.avalon.framework.context:Resolvable:public,abstract,interface:::resolve:public,abstract:1:org.apache.avalon.framework.context.Context:java.lang.Object::3PP
org.apache.avalon.framework.component:Composable:public,abstract,interface:::compose:public,abstract:1:org.apache.avalon.framework.component.ComponentManager:void::3PP
org.apache.avalon.framework.component:Recomposable:public,abstract,interface::org.apache.avalon.framework.component.Composable:recompose:public,abstract:1:org.apache.avalon.framework.component.ComponentManager:void::3PP
org.apache.avalon.framework.component:ComponentException:public:org.apache.avalon.framework.CascadingException::<init>:public:3:java.lang.String,java.lang.String,java.lang.Throwable:void::3PP
org.apache.avalon.framework.component:ComponentException:public:org.apache.avalon.framework.CascadingException::<init>:public:2:java.lang.String,java.lang.Throwable:void::3PP
org.apache.avalon.framework.component:ComponentException:public:org.apache.avalon.framework.CascadingException::<init>:public:1:java.lang.String:void::3PP
org.apache.avalon.framework.component:ComponentException:public:org.apache.avalon.framework.CascadingException::<init>:public:2:java.lang.String,java.lang.String:void::3PP
org.apache.avalon.framework.component:ComponentException:public:org.apache.avalon.framework.CascadingException::getKey:public,final:0::java.lang.String::3PP
org.apache.avalon.framework.component:ComponentException:public:org.apache.avalon.framework.CascadingException::getRole:public,final:0::java.lang.String::3PP
org.apache.avalon.framework.component:ComponentException:public:org.apache.avalon.framework.CascadingException::getMessage:public:0::java.lang.String::3PP
org.apache.avalon.framework.component:ComponentSelector:public,abstract,interface::org.apache.avalon.framework.component.Component:select:public,abstract:1:java.lang.Object:org.apache.avalon.framework.component.Component::3PP
org.apache.avalon.framework.component:ComponentSelector:public,abstract,interface::org.apache.avalon.framework.component.Component:hasComponent:public,abstract:1:java.lang.Object:boolean::3PP
org.apache.avalon.framework.component:ComponentSelector:public,abstract,interface::org.apache.avalon.framework.component.Component:release:public,abstract:1:org.apache.avalon.framework.component.Component:void::3PP
org.apache.avalon.framework.component:ComponentManager:public,abstract,interface:::lookup:public,abstract:1:java.lang.String:org.apache.avalon.framework.component.Component::3PP
org.apache.avalon.framework.component:ComponentManager:public,abstract,interface:::hasComponent:public,abstract:1:java.lang.String:boolean::3PP
org.apache.avalon.framework.component:ComponentManager:public,abstract,interface:::release:public,abstract:1:org.apache.avalon.framework.component.Component:void::3PP
org.apache.avalon.framework.parameters:Parameterizable:public,abstract,interface:::parameterize:public,abstract:1:org.apache.avalon.framework.parameters.Parameters:void::3PP
org.apache.avalon.framework.parameters:Parameters:public:java.lang.Object:java.io.Serializable:<init>:public:0::void::3PP
org.apache.avalon.framework.parameters:Parameters:public:java.lang.Object:java.io.Serializable:setParameter:public:2:java.lang.String,java.lang.String:java.lang.String::3PP
org.apache.avalon.framework.parameters:Parameters:public:java.lang.Object:java.io.Serializable:removeParameter:public:1:java.lang.String:void::3PP
org.apache.avalon.framework.parameters:Parameters:public:java.lang.Object:java.io.Serializable:getParameterNames:public:0::java.util.Iterator::3PP
org.apache.avalon.framework.parameters:Parameters:public:java.lang.Object:java.io.Serializable:getNames:public:0::java.lang.String[]::3PP
org.apache.avalon.framework.parameters:Parameters:public:java.lang.Object:java.io.Serializable:isParameter:public:1:java.lang.String:boolean::3PP
org.apache.avalon.framework.parameters:Parameters:public:java.lang.Object:java.io.Serializable:getParameter:public:1:java.lang.String:java.lang.String::3PP
org.apache.avalon.framework.parameters:Parameters:public:java.lang.Object:java.io.Serializable:getParameter:public:2:java.lang.String,java.lang.String:java.lang.String::3PP
org.apache.avalon.framework.parameters:Parameters:public:java.lang.Object:java.io.Serializable:parseInt:private:1:java.lang.String:int::3PP
org.apache.avalon.framework.parameters:Parameters:public:java.lang.Object:java.io.Serializable:getParameterAsInteger:public:1:java.lang.String:int::3PP
org.apache.avalon.framework.parameters:Parameters:public:java.lang.Object:java.io.Serializable:getParameterAsInteger:public:2:java.lang.String,int:int::3PP
org.apache.avalon.framework.parameters:Parameters:public:java.lang.Object:java.io.Serializable:parseLong:private:1:java.lang.String:long::3PP
org.apache.avalon.framework.parameters:Parameters:public:java.lang.Object:java.io.Serializable:getParameterAsLong:public:1:java.lang.String:long::3PP
org.apache.avalon.framework.parameters:Parameters:public:java.lang.Object:java.io.Serializable:getParameterAsLong:public:2:java.lang.String,long:long::3PP
org.apache.avalon.framework.parameters:Parameters:public:java.lang.Object:java.io.Serializable:getParameterAsFloat:public:1:java.lang.String:float::3PP
org.apache.avalon.framework.parameters:Parameters:public:java.lang.Object:java.io.Serializable:getParameterAsFloat:public:2:java.lang.String,float:float::3PP
org.apache.avalon.framework.parameters:Parameters:public:java.lang.Object:java.io.Serializable:getParameterAsBoolean:public:1:java.lang.String:boolean::3PP
org.apache.avalon.framework.parameters:Parameters:public:java.lang.Object:java.io.Serializable:getParameterAsBoolean:public:2:java.lang.String,boolean:boolean::3PP
org.apache.avalon.framework.parameters:Parameters:public:java.lang.Object:java.io.Serializable:merge:public:1:org.apache.avalon.framework.parameters.Parameters:org.apache.avalon.framework.parameters.Parameters::3PP
org.apache.avalon.framework.parameters:Parameters:public:java.lang.Object:java.io.Serializable:makeReadOnly:public:0::void::3PP
org.apache.avalon.framework.parameters:Parameters:public:java.lang.Object:java.io.Serializable:equals:public:1:java.lang.Object:boolean::3PP
org.apache.avalon.framework.parameters:Parameters:public:java.lang.Object:java.io.Serializable:hashCode:public:0::int::3PP
org.apache.avalon.framework.parameters:Parameters:public:java.lang.Object:java.io.Serializable:toString:public:0::java.lang.String::3PP
org.apache.avalon.framework.parameters:Parameters:public:java.lang.Object:java.io.Serializable:checkWriteable:protected,final:0::void::3PP
org.apache.avalon.framework.parameters:Parameters:public:java.lang.Object:java.io.Serializable:fromConfiguration:public,static:1:org.apache.avalon.framework.configuration.Configuration:org.apache.avalon.framework.parameters.Parameters::3PP
org.apache.avalon.framework.parameters:Parameters:public:java.lang.Object:java.io.Serializable:fromConfiguration:public,static:2:org.apache.avalon.framework.configuration.Configuration,java.lang.String:org.apache.avalon.framework.parameters.Parameters::3PP
org.apache.avalon.framework.parameters:Parameters:public:java.lang.Object:java.io.Serializable:fromProperties:public,static:1:java.util.Properties:org.apache.avalon.framework.parameters.Parameters::3PP
org.apache.avalon.framework.parameters:Parameters:public:java.lang.Object:java.io.Serializable:toProperties:public,static:1:org.apache.avalon.framework.parameters.Parameters:java.util.Properties::3PP
org.apache.avalon.framework.parameters:Parameters:public:java.lang.Object:java.io.Serializable:<clinit>:static:0::void::3PP
org.apache.avalon.framework.parameters:ParameterException:public,final:org.apache.avalon.framework.CascadingException::<init>:public:1:java.lang.String:void::3PP
org.apache.avalon.framework.parameters:ParameterException:public,final:org.apache.avalon.framework.CascadingException::<init>:public:2:java.lang.String,java.lang.Throwable:void::3PP
org.apache.avalon.framework.parameters:Reparameterizable:public,abstract,interface::org.apache.avalon.framework.parameters.Parameterizable:reparameterize:public,abstract:1:org.apache.avalon.framework.parameters.Parameters:void::3PP
org.apache.avalon.framework.logger:LogEnabled:public,abstract,interface:::enableLogging:public,abstract:1:org.apache.avalon.framework.logger.Logger:void::3PP
org.apache.avalon.framework.logger:AbstractLogEnabled:public,abstract:java.lang.Object:org.apache.avalon.framework.logger.LogEnabled:<init>:public:0::void::3PP
org.apache.avalon.framework.logger:AbstractLogEnabled:public,abstract:java.lang.Object:org.apache.avalon.framework.logger.LogEnabled:enableLogging:public:1:org.apache.avalon.framework.logger.Logger:void::3PP
org.apache.avalon.framework.logger:AbstractLogEnabled:public,abstract:java.lang.Object:org.apache.avalon.framework.logger.LogEnabled:getLogger:protected,final:0::org.apache.avalon.framework.logger.Logger::3PP
org.apache.avalon.framework.logger:AbstractLogEnabled:public,abstract:java.lang.Object:org.apache.avalon.framework.logger.LogEnabled:setupLogger:protected:1:java.lang.Object:void::3PP
org.apache.avalon.framework.logger:AbstractLogEnabled:public,abstract:java.lang.Object:org.apache.avalon.framework.logger.LogEnabled:setupLogger:protected:2:java.lang.Object,java.lang.String:void::3PP
org.apache.avalon.framework.logger:AbstractLogEnabled:public,abstract:java.lang.Object:org.apache.avalon.framework.logger.LogEnabled:setupLogger:protected:2:java.lang.Object,org.apache.avalon.framework.logger.Logger:void::3PP
org.apache.avalon.framework.logger:Logger:public,abstract,interface:::debug:public,abstract:1:java.lang.String:void::3PP
org.apache.avalon.framework.logger:Logger:public,abstract,interface:::debug:public,abstract:2:java.lang.String,java.lang.Throwable:void::3PP
org.apache.avalon.framework.logger:Logger:public,abstract,interface:::isDebugEnabled:public,abstract:0::boolean::3PP
org.apache.avalon.framework.logger:Logger:public,abstract,interface:::info:public,abstract:1:java.lang.String:void::3PP
org.apache.avalon.framework.logger:Logger:public,abstract,interface:::info:public,abstract:2:java.lang.String,java.lang.Throwable:void::3PP
org.apache.avalon.framework.logger:Logger:public,abstract,interface:::isInfoEnabled:public,abstract:0::boolean::3PP
org.apache.avalon.framework.logger:Logger:public,abstract,interface:::warn:public,abstract:1:java.lang.String:void::3PP
org.apache.avalon.framework.logger:Logger:public,abstract,interface:::warn:public,abstract:2:java.lang.String,java.lang.Throwable:void::3PP
org.apache.avalon.framework.logger:Logger:public,abstract,interface:::isWarnEnabled:public,abstract:0::boolean::3PP
org.apache.avalon.framework.logger:Logger:public,abstract,interface:::error:public,abstract:1:java.lang.String:void::3PP
org.apache.avalon.framework.logger:Logger:public,abstract,interface:::error:public,abstract:2:java.lang.String,java.lang.Throwable:void::3PP
org.apache.avalon.framework.logger:Logger:public,abstract,interface:::isErrorEnabled:public,abstract:0::boolean::3PP
org.apache.avalon.framework.logger:Logger:public,abstract,interface:::fatalError:public,abstract:1:java.lang.String:void::3PP
org.apache.avalon.framework.logger:Logger:public,abstract,interface:::fatalError:public,abstract:2:java.lang.String,java.lang.Throwable:void::3PP
org.apache.avalon.framework.logger:Logger:public,abstract,interface:::isFatalErrorEnabled:public,abstract:0::boolean::3PP
org.apache.avalon.framework.logger:Logger:public,abstract,interface:::getChildLogger:public,abstract:1:java.lang.String:org.apache.avalon.framework.logger.Logger::3PP
org.apache.avalon.framework.logger:Loggable:public,abstract,interface:::setLogger:public,abstract:1:org.apache.log.Logger:void::3PP
org.apache.avalon.framework:CascadingError:public:java.lang.Error:org.apache.avalon.framework.CascadingThrowable:<init>:public:2:java.lang.String,java.lang.Throwable:void::3PP
org.apache.avalon.framework:CascadingError:public:java.lang.Error:org.apache.avalon.framework.CascadingThrowable:getCause:public,final:0::java.lang.Throwable::3PP
org.apache.avalon.framework:CascadingRuntimeException:public:java.lang.RuntimeException:org.apache.avalon.framework.CascadingThrowable:<init>:public:2:java.lang.String,java.lang.Throwable:void::3PP
org.apache.avalon.framework:CascadingRuntimeException:public:java.lang.RuntimeException:org.apache.avalon.framework.CascadingThrowable:getCause:public,final:0::java.lang.Throwable::3PP
org.apache.avalon.framework:CascadingThrowable:public,abstract,interface:::getCause:public,abstract:0::java.lang.Throwable::3PP
org.apache.avalon.framework:Enum:public,abstract:java.lang.Object::<init>:protected:1:java.lang.String:void::3PP
org.apache.avalon.framework:Enum:public,abstract:java.lang.Object::<init>:protected:2:java.lang.String,java.util.Map:void::3PP
org.apache.avalon.framework:Enum:public,abstract:java.lang.Object::equals:public:1:java.lang.Object:boolean::3PP
org.apache.avalon.framework:Enum:public,abstract:java.lang.Object::hashCode:public:0::int::3PP
org.apache.avalon.framework:Enum:public,abstract:java.lang.Object::getName:public,final:0::java.lang.String::3PP
org.apache.avalon.framework:Enum:public,abstract:java.lang.Object::toString:public:0::java.lang.String::3PP
org.apache.avalon.framework.configuration:Configuration:public,abstract,interface:::getName:public,abstract:0::java.lang.String::3PP
org.apache.avalon.framework.configuration:Configuration:public,abstract,interface:::getLocation:public,abstract:0::java.lang.String::3PP
org.apache.avalon.framework.configuration:Configuration:public,abstract,interface:::getNamespace:public,abstract:0::java.lang.String::3PP
org.apache.avalon.framework.configuration:Configuration:public,abstract,interface:::getChild:public,abstract:1:java.lang.String:org.apache.avalon.framework.configuration.Configuration::3PP
org.apache.avalon.framework.configuration:Configuration:public,abstract,interface:::getChild:public,abstract:2:java.lang.String,boolean:org.apache.avalon.framework.configuration.Configuration::3PP
org.apache.avalon.framework.configuration:Configuration:public,abstract,interface:::getChildren:public,abstract:0::org.apache.avalon.framework.configuration.Configuration[]::3PP
org.apache.avalon.framework.configuration:Configuration:public,abstract,interface:::getChildren:public,abstract:1:java.lang.String:org.apache.avalon.framework.configuration.Configuration[]::3PP
org.apache.avalon.framework.configuration:Configuration:public,abstract,interface:::getAttributeNames:public,abstract:0::java.lang.String[]::3PP
org.apache.avalon.framework.configuration:Configuration:public,abstract,interface:::getAttribute:public,abstract:1:java.lang.String:java.lang.String::3PP
org.apache.avalon.framework.configuration:Configuration:public,abstract,interface:::getAttributeAsInteger:public,abstract:1:java.lang.String:int::3PP
org.apache.avalon.framework.configuration:Configuration:public,abstract,interface:::getAttributeAsLong:public,abstract:1:java.lang.String:long::3PP
org.apache.avalon.framework.configuration:Configuration:public,abstract,interface:::getAttributeAsFloat:public,abstract:1:java.lang.String:float::3PP
org.apache.avalon.framework.configuration:Configuration:public,abstract,interface:::getAttributeAsDouble:public,abstract:1:java.lang.String:double::3PP
org.apache.avalon.framework.configuration:Configuration:public,abstract,interface:::getAttributeAsBoolean:public,abstract:1:java.lang.String:boolean::3PP
org.apache.avalon.framework.configuration:Configuration:public,abstract,interface:::getValue:public,abstract:0::java.lang.String::3PP
org.apache.avalon.framework.configuration:Configuration:public,abstract,interface:::getValueAsInteger:public,abstract:0::int::3PP
org.apache.avalon.framework.configuration:Configuration:public,abstract,interface:::getValueAsFloat:public,abstract:0::float::3PP
org.apache.avalon.framework.configuration:Configuration:public,abstract,interface:::getValueAsDouble:public,abstract:0::double::3PP
org.apache.avalon.framework.configuration:Configuration:public,abstract,interface:::getValueAsBoolean:public,abstract:0::boolean::3PP
org.apache.avalon.framework.configuration:Configuration:public,abstract,interface:::getValueAsLong:public,abstract:0::long::3PP
org.apache.avalon.framework.configuration:Configuration:public,abstract,interface:::getValue:public,abstract:1:java.lang.String:java.lang.String::3PP
org.apache.avalon.framework.configuration:Configuration:public,abstract,interface:::getValueAsInteger:public,abstract:1:int:int::3PP
org.apache.avalon.framework.configuration:Configuration:public,abstract,interface:::getValueAsLong:public,abstract:1:long:long::3PP
org.apache.avalon.framework.configuration:Configuration:public,abstract,interface:::getValueAsFloat:public,abstract:1:float:float::3PP
org.apache.avalon.framework.configuration:Configuration:public,abstract,interface:::getValueAsDouble:public,abstract:1:double:double::3PP
org.apache.avalon.framework.configuration:Configuration:public,abstract,interface:::getValueAsBoolean:public,abstract:1:boolean:boolean::3PP
org.apache.avalon.framework.configuration:Configuration:public,abstract,interface:::getAttribute:public,abstract:2:java.lang.String,java.lang.String:java.lang.String::3PP
org.apache.avalon.framework.configuration:Configuration:public,abstract,interface:::getAttributeAsInteger:public,abstract:2:java.lang.String,int:int::3PP
org.apache.avalon.framework.configuration:Configuration:public,abstract,interface:::getAttributeAsLong:public,abstract:2:java.lang.String,long:long::3PP
org.apache.avalon.framework.configuration:Configuration:public,abstract,interface:::getAttributeAsFloat:public,abstract:2:java.lang.String,float:float::3PP
org.apache.avalon.framework.configuration:Configuration:public,abstract,interface:::getAttributeAsDouble:public,abstract:2:java.lang.String,double:double::3PP
org.apache.avalon.framework.configuration:Configuration:public,abstract,interface:::getAttributeAsBoolean:public,abstract:2:java.lang.String,boolean:boolean::3PP
org.apache.avalon.framework.configuration:Configurable:public,abstract,interface:::configure:public,abstract:1:org.apache.avalon.framework.configuration.Configuration:void::3PP
org.apache.avalon.framework.configuration:Reconfigurable:public,abstract,interface::org.apache.avalon.framework.configuration.Configurable:reconfigure:public,abstract:1:org.apache.avalon.framework.configuration.Configuration:void::3PP
org.apache.avalon.framework.configuration:ConfigurationException:public:org.apache.avalon.framework.CascadingException::<init>:public:1:org.apache.avalon.framework.configuration.Configuration:void::3PP
org.apache.avalon.framework.configuration:ConfigurationException:public:org.apache.avalon.framework.CascadingException::<init>:public:1:java.lang.String:void::3PP
org.apache.avalon.framework.configuration:ConfigurationException:public:org.apache.avalon.framework.CascadingException::<init>:public:2:java.lang.String,java.lang.Throwable:void::3PP
org.apache.avalon.framework.configuration:ConfigurationException:public:org.apache.avalon.framework.CascadingException::<init>:public:2:java.lang.String,org.apache.avalon.framework.configuration.Configuration:void::3PP
org.apache.avalon.framework.configuration:ConfigurationException:public:org.apache.avalon.framework.CascadingException::<init>:public:3:java.lang.String,org.apache.avalon.framework.configuration.Configuration,java.lang.Throwable:void::3PP
org.apache.avalon.framework.configuration:ConfigurationException:public:org.apache.avalon.framework.CascadingException::getOffendingConfiguration:public:0::org.apache.avalon.framework.configuration.Configuration::3PP
org.apache.avalon.framework.configuration:ConfigurationException:public:org.apache.avalon.framework.CascadingException::getMessage:public:0::java.lang.String::3PP
org.apache.avalon.framework.service:ServiceManager:public,abstract,interface:::lookup:public,abstract:1:java.lang.String:java.lang.Object::3PP
org.apache.avalon.framework.service:ServiceManager:public,abstract,interface:::hasService:public,abstract:1:java.lang.String:boolean::3PP
org.apache.avalon.framework.service:ServiceManager:public,abstract,interface:::release:public,abstract:1:java.lang.Object:void::3PP
org.apache.avalon.framework.service:ServiceException:public:org.apache.avalon.framework.CascadingException::<init>:public:2:java.lang.String,java.lang.Throwable:void::3PP
org.apache.avalon.framework.service:ServiceException:public:org.apache.avalon.framework.CascadingException::<init>:public:3:java.lang.String,java.lang.String,java.lang.Throwable:void::3PP
org.apache.avalon.framework.service:ServiceException:public:org.apache.avalon.framework.CascadingException::<init>:public:1:java.lang.String:void::3PP
org.apache.avalon.framework.service:ServiceException:public:org.apache.avalon.framework.CascadingException::<init>:public:2:java.lang.String,java.lang.String:void::3PP
org.apache.avalon.framework.service:ServiceException:public:org.apache.avalon.framework.CascadingException::getKey:public:0::java.lang.String::3PP
org.apache.avalon.framework.service:ServiceException:public:org.apache.avalon.framework.CascadingException::getRole:public:0::java.lang.String::3PP
org.apache.avalon.framework.service:ServiceException:public:org.apache.avalon.framework.CascadingException::getMessage:public:0::java.lang.String::3PP
org.apache.avalon.framework.service:Serviceable:public,abstract,interface:::service:public,abstract:1:org.apache.avalon.framework.service.ServiceManager:void::3PP
org.apache.avalon.framework.service:ServiceSelector:public,abstract,interface:::select:public,abstract:1:java.lang.Object:java.lang.Object::3PP
org.apache.avalon.framework.service:ServiceSelector:public,abstract,interface:::isSelectable:public,abstract:1:java.lang.Object:boolean::3PP
org.apache.avalon.framework.service:ServiceSelector:public,abstract,interface:::release:public,abstract:1:java.lang.Object:void::3PP
org.apache.avalon.framework.activity:Startable:public,abstract,interface:::start:public,abstract:0::void::3PP
org.apache.avalon.framework.activity:Startable:public,abstract,interface:::stop:public,abstract:0::void::3PP
org.apache.avalon.framework.activity:Executable:public,abstract,interface:::execute:public,abstract:0::void::3PP
org.apache.avalon.framework.activity:Initializable:public,abstract,interface:::initialize:public,abstract:0::void::3PP
org.apache.avalon.framework.activity:Disposable:public,abstract,interface:::dispose:public,abstract:0::void::3PP
org.apache.avalon.framework.activity:Suspendable:public,abstract,interface:::suspend:public,abstract:0::void::3PP
org.apache.avalon.framework.activity:Suspendable:public,abstract,interface:::resume:public,abstract:0::void::3PP
org.apache.avalon.framework:CascadingException:public:java.lang.Exception:org.apache.avalon.framework.CascadingThrowable:<init>:public:1:java.lang.String:void::3PP
org.apache.avalon.framework:CascadingException:public:java.lang.Exception:org.apache.avalon.framework.CascadingThrowable:<init>:public:2:java.lang.String,java.lang.Throwable:void::3PP
org.apache.avalon.framework:CascadingException:public:java.lang.Exception:org.apache.avalon.framework.CascadingThrowable:getCause:public,final:0::java.lang.Throwable::3PP
org.apache.avalon.framework:ValuedEnum:public,abstract:org.apache.avalon.framework.Enum::<init>:protected:2:java.lang.String,int:void::3PP
org.apache.avalon.framework:ValuedEnum:public,abstract:org.apache.avalon.framework.Enum::<init>:protected:3:java.lang.String,int,java.util.Map:void::3PP
org.apache.avalon.framework:ValuedEnum:public,abstract:org.apache.avalon.framework.Enum::getValue:public,final:0::int::3PP
org.apache.avalon.framework:ValuedEnum:public,abstract:org.apache.avalon.framework.Enum::isEqualTo:public,final:1:org.apache.avalon.framework.ValuedEnum:boolean::3PP
org.apache.avalon.framework:ValuedEnum:public,abstract:org.apache.avalon.framework.Enum::isGreaterThan:public,final:1:org.apache.avalon.framework.ValuedEnum:boolean::3PP
org.apache.avalon.framework:ValuedEnum:public,abstract:org.apache.avalon.framework.Enum::isGreaterThanOrEqual:public,final:1:org.apache.avalon.framework.ValuedEnum:boolean::3PP
org.apache.avalon.framework:ValuedEnum:public,abstract:org.apache.avalon.framework.Enum::isLessThan:public,final:1:org.apache.avalon.framework.ValuedEnum:boolean::3PP
org.apache.avalon.framework:ValuedEnum:public,abstract:org.apache.avalon.framework.Enum::isLessThanOrEqual:public,final:1:org.apache.avalon.framework.ValuedEnum:boolean::3PP
org.apache.avalon.framework:ValuedEnum:public,abstract:org.apache.avalon.framework.Enum::equals:public:1:java.lang.Object:boolean::3PP
org.apache.avalon.framework:ValuedEnum:public,abstract:org.apache.avalon.framework.Enum::hashCode:public:0::int::3PP
org.apache.avalon.framework:ValuedEnum:public,abstract:org.apache.avalon.framework.Enum::toString:public:0::java.lang.String::3PP
org.apache.avalon.framework:Version:public,final:java.lang.Object:java.lang.Comparable,java.io.Serializable:getVersion:public,static:1:java.lang.String:org.apache.avalon.framework.Version::3PP
org.apache.avalon.framework:Version:public,final:java.lang.Object:java.lang.Comparable,java.io.Serializable:<init>:public:3:int,int,int:void::3PP
org.apache.avalon.framework:Version:public,final:java.lang.Object:java.lang.Comparable,java.io.Serializable:getMajor:public:0::int::3PP
org.apache.avalon.framework:Version:public,final:java.lang.Object:java.lang.Comparable,java.io.Serializable:getMinor:public:0::int::3PP
org.apache.avalon.framework:Version:public,final:java.lang.Object:java.lang.Comparable,java.io.Serializable:getMicro:public:0::int::3PP
org.apache.avalon.framework:Version:public,final:java.lang.Object:java.lang.Comparable,java.io.Serializable:equals:public:1:org.apache.avalon.framework.Version:boolean::3PP
org.apache.avalon.framework:Version:public,final:java.lang.Object:java.lang.Comparable,java.io.Serializable:equals:public:1:java.lang.Object:boolean::3PP
org.apache.avalon.framework:Version:public,final:java.lang.Object:java.lang.Comparable,java.io.Serializable:hashCode:public:0::int::3PP
org.apache.avalon.framework:Version:public,final:java.lang.Object:java.lang.Comparable,java.io.Serializable:complies:public:1:org.apache.avalon.framework.Version:boolean::3PP
org.apache.avalon.framework:Version:public,final:java.lang.Object:java.lang.Comparable,java.io.Serializable:toString:public:0::java.lang.String::3PP
org.apache.avalon.framework:Version:public,final:java.lang.Object:java.lang.Comparable,java.io.Serializable:compareTo:public:1:java.lang.Object:int::3PP
org.apache.avalon.framework.availability:AvailabilityAware:public,abstract,interface:::componentAvailable:public,abstract:1:java.lang.String:void::3PP
org.apache.avalon.framework.availability:AvailabilityAware:public,abstract,interface:::componentUnavailable:public,abstract:1:java.lang.String:void::3PP
org.apache.avalon.framework.availability:UnavailableException:public:java.lang.RuntimeException::<init>:public:2:java.lang.String,java.lang.String:void::3PP
org.apache.avalon.framework.availability:UnavailableException:public:java.lang.RuntimeException::getLookupKey:public:0::java.lang.String::3PP
